10
seq1       0.0000000 0.1563305 0.0890749 0.0943173 0.0770132 0.1005930 0.3248046 0.4285788 0.2675779 0.3536906 
seq2       0.1563305 0.0000000 0.0870191 0.0811012 0.0749309 0.0945324 0.2916976 0.3836203 0.2145759 0.3109340 
seq3       0.0890749 0.0870191 0.0000000 0.0376993 0.0213531 0.0433784 0.3056575 0.3916688 0.1987994 0.2822132 
seq4       0.0943173 0.0811012 0.0376993 0.0000000 0.0159100 0.0376990 0.3011382 0.4070750 0.1765793 0.2677717 
seq5       0.0770132 0.0749309 0.0213531 0.0159100 0.0000000 0.0213527 0.2925318 0.3973243 0.1980962 0.2809796 
seq6       0.1005930 0.0945324 0.0433784 0.0376990 0.0213527 0.0000000 0.3201927 0.4340483 0.2206874 0.3059763 
seq7       0.3248046 0.2916976 0.3056575 0.3011382 0.2925318 0.3201927 0.0000000 0.4117126 0.2528740 0.3325662 
seq8       0.4285788 0.3836203 0.3916688 0.4070750 0.3973243 0.4340483 0.4117126 0.0000000 0.2358736 0.3531276 
seq9       0.2675779 0.2145759 0.1987994 0.1765793 0.1980962 0.2206874 0.2528740 0.2358736 0.0000000 0.1046630 
seq10      0.3536906 0.3109340 0.2822132 0.2677717 0.2809796 0.3059763 0.3325662 0.3531276 0.1046630 0.0000000 
