9
seq1       0.0000000 1.3508707 1.3859078 1.7562977 1.5961691 1.5195222 1.7859883 1.8047323 1.6790372 
seq2       1.3508707 0.0000000 1.1494911 1.9642095 1.7936335 1.7241128 1.6506854 1.6373492 1.7824951 
seq3       1.3859078 1.1494911 0.0000000 1.9068721 1.8003348 1.8534780 1.7079609 1.6344941 1.8314659 
seq4       1.7562977 1.9642095 1.9068721 0.0000000 1.0655988 1.0109158 1.0207908 1.0244183 0.9484575 
seq5       1.5961691 1.7936335 1.8003348 1.0655988 0.0000000 0.0971984 0.3732076 0.3574059 0.5998860 
seq6       1.5195222 1.7241128 1.8534780 1.0109158 0.0971984 0.0000000 0.3925239 0.3763019 0.5651703 
seq7       1.7859883 1.6506854 1.7079609 1.0207908 0.3732076 0.3925239 0.0000000 0.0509071 0.6459175 
seq8       1.8047323 1.6373492 1.6344941 1.0244183 0.3574059 0.3763019 0.0509071 0.0000000 0.6121271 
seq9       1.6790372 1.7824951 1.8314659 0.9484575 0.5998860 0.5651703 0.6459175 0.6121271 0.0000000 
