15
seq1       0.0000000 0.8361796 0.3778725 0.7620672 0.8452523 0.8590756 0.7429089 1.8212266 1.8536739 3.3421546 0.8351931 0.7975523 0.8522460 0.8099603 0.8894211 
seq2       0.8361796 0.0000000 0.9664985 0.2835086 0.7660346 0.7786318 0.2692117 1.6233407 1.6353206 3.1997438 0.6281661 0.6128073 0.6334442 0.6002120 0.6406770 
seq3       0.3778725 0.9664985 0.0000000 0.8904281 0.9333811 0.9495885 0.8874650 1.8110498 1.8238398 3.4143070 0.9153506 0.8910955 0.9375907 0.8982508 0.9640580 
seq4       0.7620672 0.2835086 0.8904281 0.0000000 0.7299768 0.7408359 0.2116478 1.6244963 1.6987817 3.2684260 0.5745691 0.5697745 0.6047264 0.5636469 0.6317348 
seq5       0.8452523 0.7660346 0.9333811 0.7299768 0.0000000 0.0234724 0.7262934 1.6234594 1.6940285 3.3781403 0.8210886 0.7939245 0.8264781 0.8031987 0.8417259 
seq6       0.8590756 0.7786318 0.9495885 0.7408359 0.0234724 0.0000000 0.7350660 1.6350345 1.6987392 3.3806385 0.8300125 0.8007982 0.8339060 0.8181650 0.8507067 
seq7       0.7429089 0.2692117 0.8874650 0.2116478 0.7262934 0.7350660 0.0000000 1.5834362 1.6330509 3.1307079 0.5789408 0.5629644 0.6040978 0.5676464 0.6158787 
seq8       1.8212266 1.6233407 1.8110498 1.6244963 1.6234594 1.6350345 1.5834362 0.0000000 0.2943593 1.8062202 1.6446549 1.6595044 1.6183107 1.6280999 1.6166070 
seq9       1.8536739 1.6353206 1.8238398 1.6987817 1.6940285 1.6987392 1.6330509 0.2943593 0.0000000 1.7837089 1.6884895 1.6722615 1.6179511 1.6292294 1.6220306 
seq10      3.3421546 3.1997438 3.4143070 3.2684260 3.3781403 3.3806385 3.1307079 1.8062202 1.7837089 0.0000000 3.1655588 3.1418441 3.0259091 3.0515487 3.1051023 
seq11      0.8351931 0.6281661 0.9153506 0.5745691 0.8210886 0.8300125 0.5789408 1.6446549 1.6884895 3.1655588 0.0000000 0.1874558 0.2439197 0.2302403 0.2603365 
seq12      0.7975523 0.6128073 0.8910955 0.5697745 0.7939245 0.8007982 0.5629644 1.6595044 1.6722615 3.1418441 0.1874558 0.0000000 0.2215494 0.2028340 0.2367792 
seq13      0.8522460 0.6334442 0.9375907 0.6047264 0.8264781 0.8339060 0.6040978 1.6183107 1.6179511 3.0259091 0.2439197 0.2215494 0.0000000 0.1785327 0.1817770 
seq14      0.8099603 0.6002120 0.8982508 0.5636469 0.8031987 0.8181650 0.5676464 1.6280999 1.6292294 3.0515487 0.2302403 0.2028340 0.1785327 0.0000000 0.1524675 
seq15      0.8894211 0.6406770 0.9640580 0.6317348 0.8417259 0.8507067 0.6158787 1.6166070 1.6220306 3.1051023 0.2603365 0.2367792 0.1817770 0.1524675 0.0000000 
