10
seq1       0.0000000 0.1037692 0.1037692 0.1369561 0.1148633 0.1280883 0.1151502 0.0897282 0.0815240 0.0815240 
seq2       0.1037692 0.0000000 0.0000010 0.0299710 0.0300673 0.0309190 0.0301435 0.1039541 0.0913149 0.0913149 
seq3       0.1037692 0.0000010 0.0000000 0.0299710 0.0300673 0.0309190 0.0301435 0.1039541 0.0913149 0.0913149 
seq4       0.1369561 0.0299710 0.0299710 0.0000000 0.0610307 0.0626216 0.0611845 0.1370498 0.1235708 0.1235708 
seq5       0.1148633 0.0300673 0.0300673 0.0610307 0.0000000 0.0628394 0.0404332 0.1375752 0.1240287 0.1240287 
seq6       0.1280883 0.0309190 0.0309190 0.0626216 0.0628394 0.0000000 0.0630025 0.1044999 0.1049073 0.1049073 
seq7       0.1151502 0.0301435 0.0301435 0.0611845 0.0404332 0.0630025 0.0000000 0.1260849 0.1128580 0.1128580 
seq8       0.0897282 0.1039541 0.1039541 0.1370498 0.1375752 0.1044999 0.1260849 0.0000000 0.0100620 0.0100620 
seq9       0.0815240 0.0913149 0.0913149 0.1235708 0.1240287 0.1049073 0.1128580 0.0100620 0.0000000 0.0000010 
seq10      0.0815240 0.0913149 0.0913149 0.1235708 0.1240287 0.1049073 0.1128580 0.0100620 0.0000010 0.0000000 
